# E.coli
ec[0,0:]=[18, 30, 24, 0, 0, 0, 0, 0, 13, 0, 11, 0];
ec[1,0:]=[21, 13, 10, 1, 1, 0, 0, 2, 3, 0, 0, 1];
ec[2,0:]=[26, 33, 31, 12, 1, 0, 0, 2, 15, 0, 0, 12];
ec[3,0:]=[20, 30, 15, 0, 10, 0, 0, 0, 15, 0, 0, 9];
ec[4,0:]=[24, 30, 20, 0, 0, 0, 0, 0, 13, 0, 0, 7];
ec[5,0:]=[23, 30, 21, 10.5, 0, 0, 0, 0, 11, 0, 0, 9];

# GFP E.coli
gfp[0,0:]=[34, 22, 26, 0, 0, 0, 9, 0, 10, 0, 0, 12];
gfp[1,0:]=[12, 0, 15, 0, 1.5, 0, 1.5, 1, 4, 0, 0, 6];
gfp[2,0:]=[30, 20 30, 10, 0, 0, 0, 0, 14, 0, 0, 0];
gfp[3,0:]=[35, 23, 30, 0, 0, 0, 0, 0, 13, .5, .25, 12];
gfp[4,0:]=[30, 21, 27, 0, 0, 0, 0, 10, 12, 0, 0, 20];
gfp[5,0:]=[37, 8, 36, 13, 0, 0, 0, 0, 10, 0, 0, 10];

k